4096
5.05459089712516
10.3124312820944
8.08129282406135
1.8802100325914
-2.2666112217403
-2.40117353551433
1.72613161323596
9.90506761928082
13.9921760076295
9.5303288740108
2.19969386282132
-0.504600622563426
6.47759393202474
17.5650533285736
23.6407595713665
19.337979546936
6.97818392793794
6.03976724699566
3.95636227591738
15.698474965053
29.2161690449479
33.0360732248187
22.6672305725788
8.46010222674171
6.89221956350588
17.7544658112416
34.3813306791922
53.1165237570203
29.3506373500559
16.7432975943737
11.6882360037531
36.0856062718661
59.0798381411361
50.9423793522058
52.4769738478513
29.8577990180025
11.3185617264946
34.784325762129
56.4272623347303
77.8664531183866
46.3514668865203
16.0891538288797
14.5006863893243
22.0078542656034
60.6476783822267
68.5208500522615
69.7825008940351
27.1209578805262
13.6477397069874
31.7771651525382
59.3008439516241
91.4528932535256
68.6517378062068
69.4298437291209
38.6804905399122
5.46732887845661
55.7893623991662
89.9844073241098
73.5771243895738
86.7547692581157
52.0904683561956
24.4136362171206
42.346592178452
64.9293482636706
111.054748990424
64.6419649215396
43.7387840843224
5.69802641557583
50.2750356917475
65.7284620391627
112.036555818913
89.8158754425228
81.9589840346106
43.1255863626382
9.12599233626345
61.4939835057072
94.9648317333749
92.6235499067791
72.0095110271759
34.4152637342368
9.23818511656821
58.8568069392867
109.734176809868
96.5268838211579
121.768711307893
72.1476562353205
47.7979862657585
32.0514802550071
66.0716628402564
111.377700851151
129.680416280228
95.6668158140685
56.8242222848563
15.8320575148091
76.9853760378238
107.743714969398
134.950215923578
61.395313499311
16.9463042552245
57.7111867712588
48.1456949789568
97.3423826379312
162.565435640701
81.180070670723
32.5209183540588
25.1943069796963
63.2816546427938
137.504305687076
130.417071087463
162.502670369848
82.7500400216594
71.5257082432718
27.476528579943
113.083331821427
135.138241485783
170.165061920574
70.6274029644327
33.9765218682967
81.5124918043511
111.441490609916
178.03370594299
186.452690720143
149.097338978282
86.7250625601217
65.6901050076589
100.210836289833
153.672885739897
224.801116530616
118.032374901248
44.8840399424529
41.1443621786592
75.4188270596968
175.404216718119
182.558039954191
184.642677167725
74.1664132773051
50.3380552499341
84.3668695670867
171.555910193327
236.933722425905
156.42393248529
158.147185135729
81.4758369393147
19.7734843907472
119.933725340559
194.699751659096
169.667566718304
182.874914482681
118.009174790807
21.2054770032407
145.202114645221
215.253508789298
259.264215543034
165.02148378353
64.6258271489972
45.6772527061685
101.237592786476
211.5836446352
257.502623427968
175.196262237569
106.849741565358
24.4483437866099
105.145660231117
102.854479837447
188.706844184196
287.626686839012
146.704151682792
64.6105216266642
117.14476806593
88.9582064199682
166.254841838805
281.063863651485
151.681413523277
81.4961667335712
20.2374768301076
144.347755437308
249.200198418406
283.848496124794
201.704293743001
86.4691755221823
34.4060595127686
138.067344732464
207.055463732291
306.463533747714
220.503622666649
222.518588025376
127.815544134809
23.2778135236273
178.808216719472
271.27512033901
213.307116547832
245.618700657846
159.316047053355
36.8372181777835
185.077734514012
267.877216527716
330.977204620718
201.360422388926
79.4771387974563
56.9834766525397
128.247386123525
266.713013595542
316.818329709995
220.938164730233
124.18415571711
27.9442576998491
142.082857936005
140.066960556438
249.677437939426
350.365603032849
200.933976983972
103.066402462726
141.586802056097
137.12004752002
227.503951844016
364.895529862309
179.975396579394
74.6551599295314
54.8163617731089
139.885892683805
293.885700149673
296.146041115399
294.404276569504
119.665777715458
93.069522500815
124.083634790392
281.76893034086
364.705391531894
236.783853490049
209.171018078528
86.8400707008421
63.2030192361067
144.737362785191
251.491766130065
299.540930341742
211.637870754323
113.00043199613
28.4282343587644
191.430508126698
337.068952440178
305.748426713719
336.247656790261
165.137311881065
159.072806307035
66.0390626447829
239.637162639509
275.915785363181
373.497378858764
166.92508195399
112.966021823906
143.41005361835
286.347391723726
407.116537470179
301.530546528211
319.69973077673
199.972118913052
47.8495662609832
264.949702084369
392.337538147681
353.101368098423
343.737853753594
181.629717788932
174.483458116694
95.0752813792103
214.354080923407
327.977548216894
368.512291073737
279.38254513854
155.721052577694
75.0117027107492
196.612338942048
288.18865129428
434.243766494502
200.303875603104
109.450610813764
185.157859841851
245.079805360285
381.37559119275
445.136045362019
306.612964721313
154.667732692256
189.912741323948
138.446042653177
254.024896032641
429.748387872632
281.158261520648
201.24547611718
33.676896733164
242.701757782215
318.179669391399
485.017543546524
305.131607284342
273.946750575353
102.378208983302
119.638588964131
181.144426518475
307.801210555285
480.803839499778
215.444413303373
83.0921909500282
206.182291038766
155.256033647625
293.104919604572
487.12240503956
249.585767932824
118.212822637865
56.8242846662369
224.586342271219
429.112107616157
425.970648085453
408.761317181923
167.358140791749
143.214779511535
162.146942318001
400.948853912719
492.477568870412
338.956738854285
243.147758842601
76.3145691453164
149.799094709639
175.152355979866
322.43636644027
495.818171490681
240.80204938194
88.3307332559843
123.109867552484
170.770298592457
373.718041978215
370.98679936489
473.750224961352
322.897366778663
175.207306555929
157.780736217138
256.283896308082
434.212131180222
487.733776008385
374.175944899123
237.264289227386
60.9671212648758
315.532604890623
422.006374459983
436.385397733891
248.193699632034
83.1246710456599
149.186005771439
177.858139652512
354.188771218192
454.526066090603
354.696693681323
226.774760876213
32.5375072701135
326.263530726107
498.902423183557
574.446550348727
381.861255440072
157.361593067767
87.8871609415234
258.154476058075
457.078462016648
604.0819439609
373.609399761592
334.515332045276
133.351754958157
120.402724929267
224.582065248538
383.523207659333
521.298308354488
282.982697832013
114.22697092315
110.703945650466
221.20068501085
450.506037215271
418.789257339998
541.080576010243
360.399517852597
205.278742943624
178.180557672741
293.256084331668
495.243910864985
540.431046882549
421.610243178901
259.010823850339
72.5510944759657
334.617421458116
451.346295604221
521.687170902227
258.32996222892
78.3344892400008
213.006663236723
188.441247404726
376.960247449184
566.676395855235
341.619200914222
185.958024920889
49.4653728114865
325.478990857132
567.556053971435
563.348173545404
509.921019200654
208.145154550243
191.525835852122
195.860640468688
510.653241933843
599.368616858061
453.317783465754
260.766969131884
66.4209289794489
258.088179491849
238.481697282122
435.08473522444
687.371306296223
324.821000003016
122.442909705743
264.110874362823
173.47811964497
378.475718064623
564.417848344642
447.404317446361
322.98425576342
61.9952093628291
361.159153743802
476.575510133597
712.759605391851
419.903091273247
345.924208538137
97.337658948951
248.685300455518
279.229806411384
494.292475530001
707.191291665394
403.146441527341
236.513201223579
267.58116299921
381.138686016068
577.198752157182
718.694036578365
444.971229503892
189.219099333011
284.419965848917
155.418694200289
396.711758838425
520.759239398317
613.95723153254
450.639164393431
241.202935814742
166.215841904126
317.98894076574
501.995499150889
717.729583586562
423.912736614855
296.63032645829
182.375806524585
522.968690715649
725.210994091514
525.360717529551
585.535732952012
373.947095056629
102.386807503932
464.063478560815
673.203930527623
701.058461682137
540.308093691613
231.169795389852
282.868818441875
153.706297189708
476.315936999311
517.238150859015
717.001087951235
367.94936730523
296.889593454137
166.229534448036
557.992951667343
699.18495960302
508.875568683475
398.446805970773
158.626826324945
149.000078716338
284.211220439782
512.184888962586
597.722573916143
468.875294298351
283.495031031857
45.2454195240034
434.796782495069
698.423384816371
707.431667894364
590.896683026218
238.498073284138
233.58636577043
229.840822581555
612.398211002011
691.56791762517
578.240845225984
278.631841465722
76.3539127636621
361.241756945217
353.641279044039
607.668758708923
820.876413770261
486.322525562431
250.322857174825
342.462759690606
304.06887446005
507.528340651638
831.558969903308
419.858564714636
204.880258860544
86.5578208177751
385.405472720581
702.843069652851
759.642056017502
588.843083551763
244.056114758382
121.116095204534
379.835628961472
592.222645937424
846.765613514608
589.212723695303
606.103298616283
351.417317616045
67.4172509163543
487.406207060399
732.669687526419
572.098334975023
665.334508436192
440.274538180253
111.753219596776
499.175276732636
704.734254586435
885.813214056281
517.679264287012
214.990864261295
133.727838127412
371.475960589535
705.866118530915
855.206121007029
553.648561369908
356.791735158843
87.5933211444753
345.768331648203
335.366855182285
601.155290704106
907.272226934601
463.522377066418
213.282556685757
383.864780821869
296.709405998388
530.623800889494
882.709947579386
459.032256004932
236.822591605844
82.1654626855194
436.879313801239
773.144322442924
832.116272950449
642.203291291177
262.610957075949
143.601885580721
404.629112259032
669.825762805541
931.223594612729
613.412122889006
626.372712544845
337.685452701317
84.1989915451119
475.828646356727
734.842082294865
635.139360937218
649.271212250419
415.29044185876
66.6073519898879
555.013497210233
833.430072796826
882.211260950005
665.375294801392
263.707783327016
272.596121322246
274.752025049535
726.748928751132
793.364415739917
723.210405341166
312.186238583456
114.874592430183
447.435128415864
521.039864485037
833.80973476708
890.63859675527
690.332513680361
424.328181271422
305.247516957057
535.355104643025
782.49955621127
995.727927500657
586.582754529153
226.292919762787
318.254519741569
239.530132563777
659.495539484478
675.004203086136
919.659391885809
491.735089623013
409.425811830418
172.790575742079
674.841195215618
805.453331864615
741.444479507061
387.45157357192
107.450946055125
376.443498180207
329.063010578827
614.055514839011
992.568191486407
461.938851774111
165.136517835313
275.596437615193
291.802791389757
672.433982994462
694.111006195002
888.54510808677
610.988044949991
346.532752551153
265.768765482407
465.315996578192
759.64605310519
949.649080778991
671.946484134065
462.557014960579
131.391130635483
667.508609325138
876.537898979844
708.608254027784
567.302557904579
262.831761827713
137.209633800268
443.316974939526
787.209088374441
712.335537934929
831.989146129329
574.948771293856
185.872452292717
531.291804379796
709.445403877436
1088.26901701433
610.763575305505
444.891666135591
88.1349262959957
497.089638179901
566.011232780496
948.006432261255
901.824480197503
775.321223105532
499.579954237566
128.343246312458
706.231702832034
995.765381302013
726.147280264749
843.120804568418
547.63807423171
136.584593256839
654.716411047309
939.97433001076
1068.00829130201
714.79071512366
277.508808996327
298.194933837475
328.237239519363
841.23993717542
891.053023272754
865.879288873274
355.752066549157
177.028116382831
497.958041676363
706.894425145756
1058.03717425154
894.132082863974
851.824954868274
546.735045198243
189.443368974655
724.586143658157
1043.04523147233
963.874686720212
878.968900827174
462.941466080448
469.189789219387
267.108095656147
567.636638698262
879.760017108388
908.67429664562
713.645052734939
353.27908079347
262.309312766063
481.937404586001
763.16734324024
1127.64070321018
615.662101071766
407.133162577685
373.25287625941
760.725697875375
1093.25262045781
951.520079111761
907.038170203272
557.398531307506
355.079129933759
567.534633878847
820.352106478935
1207.59319054709
620.079157868712
278.782008492594
148.196716841723
519.353560942055
966.631658512633
1100.31841855817
774.505204718405
378.077706479151
105.219796764279
558.578619115517
640.39301768911
1034.32517935452
1049.98550972415
858.423385912837
551.66149873372
282.052416046222
753.396987685971
1081.91219982022
1080.38167197163
880.688506981141
440.977038770548
501.89599882236
274.011844829745
611.745616874547
920.248661916423
963.965177941791
749.858173475832
364.620203866966
297.474519270778
512.667257257817
827.378458477578
1186.28088649442
693.293547462945
475.792658339619
336.067379873762
843.149822169869
1184.86228333287
921.224465474339
979.634861701022
626.1583535332
267.974233815899
703.756731094286
997.892220119648
1249.37571162528
737.062985584031
282.691014243954
305.260133809909
393.054071212538
956.943218751386
986.537158112726
997.442262898476
405.803726798768
253.47387936892
515.615808180061
883.209477354131
1243.72978922572
878.165931397006
921.810587323691
559.444503368819
104.757993609444
768.793774221034
1143.87202365453
881.125766246149
1058.10665411323
684.329663505495
340.097257286345
572.450935598626
798.111388510374
1279.99970840206
719.472487239304
507.823726009811
91.0791423887787
633.142635111424
772.099794353201
1227.03971362761
936.26631001702
888.447288522214
498.039214083946
128.554922538784
666.627974096406
968.484515772641
928.526108864535
710.429146406552
360.706165353619
127.657004213184
607.052769763642
1069.12214238452
900.050584190025
1143.65186623651
714.162991940845
486.321506583933
336.562098851926
618.573242417263
1004.10589811627
1128.65217556052
866.325087274424
535.012325318391
164.26703288343
674.574715506125
903.190089927609
1128.02279102891
509.674780030808
159.853432534724
524.926110634409
415.928224242735
788.067897738328
1282.54385440033
628.710768350502
261.281717603485
233.689727709704
500.850815915584
1046.65803905891
957.384973818629
1202.59604770401
637.808921830082
565.156687605658
214.529765345828
818.134393553976
945.843876015069
1196.69424330173
504.243212127445
268.295702689083
592.256325488428
799.183084043172
1218.95462437055
1221.67540643285
1002.66243383135
607.955613917368
449.595167539008
692.66072073139
1014.62568628761
1424.66938939392
750.464498673583
291.977407219536
294.704074854566
479.085749622038
1090.40419394219
1097.24196111429
1127.13805695267
462.505332116623
338.031511011617
518.010075962793
1045.07945152943
1391.17940678284
897.588561469328
909.965438761819
477.080589503772
134.553362763285
690.807521743896
1094.67345198481
951.175116560651
1008.80458043232
665.245642745154
123.797293041739
830.830037650675
1203.31539062407
1395.4833368478
901.452641723962
357.220924441619
278.185910965241
550.268530719262
1142.74073075617
1346.52061472514
922.347636098285
551.360868035848
134.958755267393
584.100605330206
553.673625668373
984.302714224972
1462.76419191178
762.085132020199
355.286769391026
620.630439669113
474.615359383971
846.831049483245
1407.7752887749
743.113360520602
398.988989586442
120.264622510497
721.594425271361
1235.50888239219
1363.63020482133
986.791960399814
420.950958962654
190.447577777231
680.250201783614
1021.66525210786
1466.95605099662
1024.58124235152
1048.87551045312
609.273006626642
120.289511272472
840.833460677843
1255.10346120696
983.760370875106
1124.07377040453
742.49107960714
169.701383350072
877.113695233612
1248.67591679741
1492.02286330847
924.032223733413
366.949260540652
288.983903603327
579.601456403872
1209.44343719175
1398.73824006702
990.156004178648
543.438600672764
132.1543796932
660.62640744845
642.291448098015
1114.24423942841
1518.68864882
895.605036929281
479.397526506538
629.037153899786
625.226130947198
1001.63074330998
1567.35526733873
771.359335255634
319.346278619949
264.120528763921
591.512407276434
1243.49824254224
1226.29907601891
1250.98443368163
519.513740298323
423.387991718034
515.142223943062
1186.40544426874
1499.35883367848
972.897882141963
844.068029494105
349.140505802665
288.978649851919
586.784065934117
1011.09648250839
1227.30672218108
837.005561805236
445.824904051718
133.711753664516
766.183182597585
1344.56168943045
1195.15098936964
1345.67865872981
682.236130403596
654.001452136773
264.030959445529
929.959870223706
1067.96811527226
1464.70390492814
670.917107817457
472.003851961219
551.850494136606
1128.81339925873
1569.72200556961
1132.24718385209
1217.58944822239
769.178547628107
177.596061105477
1016.78881603988
1488.51861633179
1302.39356169692
1303.17430790118
709.663120124177
664.235541625509
375.498427180369
796.610386412468
1228.18104452483
1334.75294908546
1034.79669929291
568.06019633511
298.662385078999
711.578864892484
1046.80424017913
1577.60837461786
744.373316630427
426.272496880159
669.305282822703
912.040301619922
1386.45842443734
1562.08591875542
1110.37435706337
579.234713605448
682.126056161833
515.091058255328
905.36940999043
1521.76877548187
960.645794678304
684.095383436806
115.798597323599
863.472678426914
1129.97426355134
1677.1259682254
1029.39139240389
920.264074539989
336.624661356932
441.811402502629
617.209871446154
1046.4950412922
1631.85722416651
739.768045019147
301.661074664466
714.084640083943
541.5490436758
990.494271498569
1632.96799882182
820.403385824407
381.069126449522
214.147863445895
728.520957091069
1404.57209087138
1367.15146596723
1354.45582055133
566.515381829313
500.3382203831
512.149581178411
1299.89246932219
1567.18963899189
1097.89085558353
759.669309977516
235.010717972377
514.711770938036
560.661250257004
1024.77059807723
1589.82330347309
757.70032982054
276.690839224158
423.447283466315
525.032972790552
1151.06444412348
1161.6802992124
1461.24340146771
1016.52581098974
532.618304223401
523.077080118541
804.083830180006
1362.83232629827
1474.89806650812
1160.7588751572
728.082263394891
193.719848918025
945.812830425051
1262.2427213834
1347.66953977435
738.19477615829
245.176261564367
487.670722147499
531.039200073926
1052.70678266777
1386.54364023191
1036.43116107082
658.249632575812
100.890200191736
976.437677975535
1501.04648687914
1681.3175932218
1152.0263723796
469.345867483686
290.406725924994
751.331453008385
1363.78359937442
1763.975249399
1088.48530782076
953.060443856683
370.562200339881
385.378979121613
643.652488962332
1102.26779441569
1535.26018273636
805.669324340845
319.099744527404
354.441417583195
619.401732543693
1270.92958627335
1199.40231799184
1535.45184568039
1044.48681096524
571.791419702325
543.218526824504
846.329251948352
1433.30047023791
1503.4256777239
1202.42263201957
726.709695713898
216.72437163218
922.264131068525
1247.99957689262
1491.55228913811
717.069581550751
220.986154811782
632.431965039991
530.835442787845
1048.53601672616
1604.00769375676
929.808329249622
495.009220114502
157.824186295044
886.931162408638
1566.39171016976
1522.65473038846
1432.37776808589
598.235252109184
564.280897366336
516.420118211141
1392.91795966862
1610.88785511467
1258.96159049009
694.326668183121
180.22715803712
736.453289654222
667.933645662274
1200.98875172494
1868.35579378913
899.822554014763
354.180756268608
741.35865459739
478.801004025701
1015.23876958007
1545.57493863842
1169.50357471606
841.965742165248
154.413485972459
988.932294076955
1309.47896622075
1908.4630025594
1103.98627037928
891.474666355839
240.878635719347
699.105942878182
758.465148762749
1333.91547521919
1856.98524539074
1097.47735190148
661.972567853652
690.115328282436
1040.98576911225
1549.76885324251
1862.07177139537
1196.95032940049
527.771833457843
768.06238386298
412.46417155133
1018.67018689361
1375.80879927617
1566.40042023935
1174.11821098544
604.646724480142
465.654557928097
820.986549190072
1315.19867818662
1839.77294525607
1126.35224743906
794.464354701569
443.362936571329
1351.79627507945
1853.9860081397
1319.78610652169
1485.72315566217
952.567833899715
240.709581344806
1195.60078288783
1731.84521762641
1746.61862321949
1404.0469120217
620.454016808822
747.199889835524
379.479203430097
1173.92419906124
1294.22757504561
1814.59259331756
963.657730171283
777.54766713717
393.539487755474
1386.11144274992
1719.01662424732
1287.2074753933
962.598458087169
370.984916562459
411.334655610361
687.403932741247
1248.08760582343
1512.91291077568
1128.02784045086
671.190502365225
121.038368707492
1061.33937855276
1726.33703466207
1705.10895696482
1488.25843447075
614.686279290366
615.405913975674
535.585350509884
1483.13567033789
1654.35037338194
1443.92751323363
671.137588167
199.97433217149
901.04950256896
897.59270894217
1512.56437970532
1971.61894437139
1215.42071116221
648.001083172742
823.962750662367
774.657233242997
1254.84199776132
2019.60825488449
1007.32832973744
473.362734596128
239.491581568869
898.754578336039
1680.52715438186
1777.41108347798
1440.00255491638
588.563481521677
324.918616246554
888.772450170649
1440.41503187901
2017.87976355335
1365.99006192293
1413.98210996548
807.662939956794
164.648463919674
1121.3136914158
1692.73818019793
1343.73263521957
1534.10997495479
1018.89366149991
237.14982227176
1189.78210729709
1683.23027263642
2047.3837874209
1235.50390608952
501.99286618497
352.010509487156
836.35969142308
1647.20039311504
1954.4082952286
1301.41069901683
796.350785886934
194.24833200497
837.568602478046
799.623278872197
1416.6306210523
2085.22515892378
1103.00186930125
531.311953901273
888.221759743722
716.880078696518
1240.5499114127
2044.92246217588
1038.542405613
514.70149444809
217.36970947254
967.95777885488
1757.15280770357
1848.48316170965
1495.06042868509
604.626863843932
366.221726003204
893.0875634723
1542.92438021305
2101.86979438752
1357.64745735584
1378.93772882485
726.077495549477
208.581508309601
1031.57796216591
1606.66330615303
1438.57789376308
1410.74477557091
895.570225447136
139.330198832731
1233.85532343989
1871.56986028338
1921.27649814577
1520.81659921512
615.71592523392
652.256547037323
573.908253149082
1583.06478619816
1711.03581190925
1639.12433765616
692.939292604312
284.35313400854
987.868771656471
1195.90176684582
1875.37127979855
1913.84697324966
1548.18296882294
967.171865094876
633.264220362354
1214.89852395228
1754.8401319937
2149.16846238342
1319.85959864668
522.578941746938
737.962894603687
497.352968658107
1392.31354408526
1451.44351330366
2004.22787274186
1112.44550365377
912.180681078256
350.896733475894
1423.1442743087
1694.63559787689
1640.67380256447
817.205070722443
231.213477111304
852.251097321561
726.507550344058
1338.01369410182
2157.04780271529
1000.88957958981
357.190239006302
641.134163669531
598.372132051
1396.03735242329
1493.45034160182
1866.43790667963
1313.48164617716
703.627005789946
612.936595782415
995.345586652443
1652.71274732935
1980.33762007619
1453.30021920883
983.637738881554
262.691195377969
1375.94306498769
1806.46001484857
1524.1373514276
1152.19473040983
513.9843803163
331.065418825896
892.297169870547
1610.30560381019
1509.73571377304
1707.75374407234
1189.87708746688
350.093976435614
1154.9419621369
1537.86729055413
2292.162482546
1263.60771112356
884.668635600513
170.622071420972
1069.78741948517
1230.91566802175
2021.38483142644
1826.0251341755
1623.0765375232
1034.43014327278
244.524267327518
1440.62307021265
2031.84552051268
1490.2103914624
1714.34486286887
1114.12180708487
250.118429829996
1367.41334820705
1973.59687939256
2162.45202575603
1521.90394859148
600.670699614683
668.843986961822
632.803486174016
1695.66822509795
1781.60220380157
1827.51735728974
748.55933713435
410.635142145547
1000.4102062298
1497.39907808726
2197.3658601507
1776.17908559446
1748.76517537634
1123.00740791333
346.751267132829
1488.09859433464
2140.94292950875
1909.86488361571
1828.51958639844
996.012758167913
948.212165636892
578.78054039731
1151.22801516334
1833.44017849063
1790.50436010236
1434.46036433523
670.548322581456
583.074155793335
968.549024181918
1569.24152856594
2272.41890244558
1297.70409340073
874.022144524324
706.853902617221
1566.86099427783
2225.16603931213
1860.08123905219
1847.44474706459
1154.9221339593
667.684908495729
1194.89850959622
1702.98884547093
2421.83840248662
1262.67465215202
543.128863709678
345.142065059324
996.370969331527
1931.40646556516
2148.88638900875
1590.10890282323
738.314758992735
234.143071748708
1121.92776666527
1335.25520610559
2110.71359369919
2033.82182883983
1738.17759942981
1124.43422757683
510.084860178354
1523.528923643
2177.06953015223
2085.41618633311
1794.22332552338
932.483076450508
995.303229297781
573.711683066249
1201.53149243226
1867.85358816034
1847.08305263038
1465.58521480094
669.046119314267
643.474561213294
1008.67895179984
1663.66798660057
2316.68788398256
1419.29801126307
982.435264354084
607.575961921337
1672.58442363219
2327.89391528282
1754.24448458151
1918.98203187437
1236.92179608973
472.144591385622
1415.85214299836
2002.20711396959
2406.24100000904
1488.03268212913
573.818770772134
657.904981139572
714.129230792236
1821.33877591395
1863.72272973177
1995.31554966672
821.869916509144
553.452377139913
959.293506210444
1751.56721728843
2419.44943439974
1657.05910233517
1755.92490205151
1048.41215461287
191.620636662102
1448.45613584632
2172.67369014405
1669.04259085193
2027.60662800844
1332.76406436455
600.386897311066
1163.87737493739
1596.85125853391
2491.34364873175
1362.39118455905
919.587163265084
164.504849957238
1239.72391008674
1545.39447359265
2394.25975094828
1735.85690016819
1673.54726825945
906.767847841567
268.341260604613
1216.65577591014
1791.30799585301
1820.11507023138
1298.48691847438
632.301763697136
286.105601694419
1098.62195597434
1980.60502958569
1686.09606305938
2166.10534420778
1392.01521555387
883.17929696217
695.726377542372
1180.89802208741
1959.56957041599
2079.12141482535
1648.91378279358
977.67574298338
333.224201232102
1218.92564049697
1665.27680745644
2187.57815212513
964.371172285721
320.771611016912
1032.50555253716
812.652196357423
1506.40628877606
2456.10986793561
1178.00339087921
468.595867209809
503.717584534574
880.231363160539
1904.3501365443
1754.35811802846
2273.16078146459
1257.45561284613
1074.73330422286
387.401449743818
1465.63355896397
1724.84769134734
2283.66340825809
981.65840099384
564.004375279818
1071.49191389337
1551.13454761126
2319.47512264081
2203.37865376316
1906.07156389659
1178.41521188102
777.483622049836
1348.68310861081
1946.92203282529
2622.06491919543
1431.17958255789
548.721822318736
614.849078297227
822.7326591724
1964.15912345094
1959.96224206826
2138.49026718394
898.747502870434
693.171805979576
893.446465704302
1938.98478668746
2533.40103407597
1628.18695303481
1608.64544712899
811.526066667638
282.283105258596
1200.90540085546
1936.26199068019
1766.51390207318
1778.40870529381
1162.94551717375
195.733952248992
1518.23952240591
2232.80793560097
2489.42821561732
1703.20006608027
668.644558917431
577.431179536139
937.237832123792
2066.39272776788
2384.57429965693
1719.26279202896
955.439501019491
236.707682359321
1109.91400404226
1049.61294880954
1839.1048307348
2636.57774551524
1443.62483105753
710.422646567017
1121.01657085574
915.492148718537
1569.61429644626
2586.48390231486
1320.31794946993
668.063664006291
259.610655983798
1246.68254232312
2220.47367240667
2381.46652151408
1835.6924994971
758.353093949635
399.96419009341
1182.72175055049
1885.34901419397
2642.20946393107
1778.40781376799
1832.99511935456
1034.65019410442
222.462960418613
1436.13003690538
2170.66596454436
1758.99108525976
1941.92514028809
1278.61322200716
256.41660738022
1574.99018432321
2268.74726198142
2599.0284259866
1703.19255803017
667.431423095266
587.880785948947
959.074521606805
2126.86339861139
2408.61600752914
1807.45318445126
923.80106404384
240.017196126635
1207.21775306223
1198.02709513947
2038.28997684708
2644.90805246016
1653.91475039765
922.351512292588
1075.54384700658
1178.01885245959
1832.10165803115
2772.85375154748
1380.80224861284
548.278486385076
539.123126398371
965.990649959305
2130.57143276709
2077.61673754309
2260.16811956572
969.341610064188
819.301628331644
828.796207435011
2067.80344565146
2568.01904830437
1713.94765741387
1397.53174974137
542.202789907438
578.808643906628
972.493814630058
1711.56181957178
2211.01290603873
1395.1678780496
707.039467224283
279.700299270916
1262.3663983613
2286.97691394221
2010.26838021672
2379.67812871527
1262.80321804366
1156.14114158779
446.680263475652
1538.48319707465
1821.63845446398
2576.50035891249
1234.77464704847
896.005710745994
881.594943538988
1980.902644171
2711.11665998042
1895.43293421859
2069.46626557313
1294.08704398918
262.914453195011
1731.94965574105
2557.90278599097
2163.47346923257
2289.37847809959
1295.94137291027
1118.68973183649
700.241677168962
1363.41906631631
2180.93305490742
2213.47613127033
1766.1685890954
907.089080789844
575.608568831874
1182.03605605896
1804.01593008686
2726.78938370801
1348.70781828175
813.395045894089
1093.86913268099
1637.92172631308
2442.51546623161
2597.18340606606
1972.51863317701
1072.28443540756
1138.41976485647
951.40398800872
1586.34634684656
2664.54114231154
1579.77579692401
1083.27782204094
177.832813787819
1487.37324141251
2002.02127441932
2872.31347647298
1709.10676581193
1482.30309898276
497.812338426334
836.796885837888
1040.76103644044
1797.90510570046
2802.87679964748
1311.52070906258
576.794433304687
1229.23075129652
978.012371945762
1723.38533480704
2817.51300919302
1380.13527073204
601.712375045819
435.686827996606
1150.12545536776
2322.87913640848
2224.13806885106
2362.1365466318
1026.16812972546
927.704241890277
781.574612439261
2157.75077091557
2561.57435409778
1898.30032294435
1207.64091996855
351.155109089742
952.828016983626
940.463468712569
1728.25222654535
2740.42659924779
1273.15413565082
452.647645895809
800.835918191688
822.332044610302
1849.14442339293
1974.3757259367
2388.98395295931
1705.54951905726
811.6967817419
965.607012074185
1379.50654243161
2366.13312083627
2382.77164496053
1951.71393648956
1171.26086204669
339.257120716254
1494.41786241401
2031.88216394711
2336.33073683108
1191.45292998227
381.342373389206
904.110033397508
856.745491125914
1712.01107117769
2396.78629044569
1645.80757363356
1008.02620999606
174.255858887608
1588.10365106185
2521.36237852277
2716.76762632669
1998.32531556632
797.319492881228
569.243161399319
1173.50033690102
2289.70353943097
2886.20791303733
1809.45269659565
1490.14963516571
535.954736640234
731.544279546966
1025.20822277668
1795.48521981751
2631.60852633005
1303.94962383469
488.71722411968
680.81863627136
949.160629952869
2011.64585344514
1996.86332764598
2484.63123947951
1737.55978909417
861.277975267417
991.559566591588
1433.88510168611
2457.73188016725
2389.58904918746
1984.14020818883
1138.5046843138
390.732115866722
1434.42990006272
1991.42267215762
2549.46975628977
1167.7437488881
368.270026306875
1121.47867982688
883.51517729969
1722.457637715
2727.8769100235
1478.48604318916
737.977831911945
320.001248371002
1374.49671305089
2533.51112989235
2404.10152275547
2439.51286786719
1061.96049897424
1016.07932732912
758.664713486144
2227.55685154614
2544.02566607982
2143.56872855755
1089.7826584196
292.452907492434
1273.34013218897
1150.91692755694
2034.84375100539
3069.49528638982
1546.62703810212
649.880615663999
1258.14675223395
814.326109940672
1652.18926791316
2620.59419335007
1819.58294025012
1279.31529803778
211.984320398131
1640.88249805511
2228.93698459741
3123.47529293133
1775.19285082305
1354.4880063073
331.428590305538
1228.3608456507
1290.18883006448
2257.33927385344
2979.5996692959
1883.3712337387
1171.66206848981
1040.39935332065
1782.26007334162
2609.65741958917
2951.36415403744
2043.30836931446
951.820125773183
1280.99913535162
689.626029197671
1607.86397406872
2308.15100564157
2446.32079463707
1886.06459324031
886.186906041426
850.48100509496
1326.92540592341
2197.58454293687
2934.65940820131
1913.27692986808
1344.74380371191
622.93460676634
2173.74088916612
2959.22869545597
2074.52617974039
2347.47629850842
1494.90537765668
320.404328592374
1927.20855250964
2824.14368351441
2712.45369330111
2360.95602027604
1099.30815948231
1259.25921996697
582.768561444553
1793.64204305907
2069.30839918941
2935.24099233758
1653.13332392108
1308.99320088015
553.123145183641
2156.83333770667
2659.63574635681
2130.88546282329
1451.67921136124
517.900128216558
766.334301107263
1040.13063188361
1933.22665392892
2524.34360901384
1713.49979748766
972.22451811872
224.559259462041
1625.71661490092
2743.5622007613
2619.63733030022
2482.41181762008
1070.18706842572
1081.83534254103
761.499936250366
2291.8214327004
2533.84214243055
2408.49638191149
1058.35475927867
364.6414441441
1460.46665786133
1534.72724741342
2518.92701694149
3079.35459913649
2043.51968389126
1141.94116610432
1262.38986416035
1341.30376136035
2090.86963479377
3254.8036172221
1614.92286423099
704.677838332934
471.343907210149
1328.27931912611
2634.33990231384
2711.00538835563
2393.08954695554
965.006220522411
616.756017541215
1331.74892948479
2349.60211379953
3203.55653611005
2095.26864113498
2161.73347558374
1185.01641888016
282.176471698294
1668.96862752176
2569.72439702649
2139.87386231466
2329.5520765841
1538.95476337531
302.726077046374
1899.31661246774
2733.00183854693
3156.93502619018
2041.0879755362
805.794201089894
664.378521832189
1213.69256902531
2583.45079455494
2982.94575676089
2120.11590519196
1178.1099046398
289.960855028573
1395.42820593495
1333.62301299027
2323.00963273832
3256.44655100908
1842.61484103443
946.607880570602
1376.81078871243
1226.5575759725
2027.33684610769
3273.51184099107
1621.22941460541
741.87772898881
427.630048889789
1414.70470455581
2719.37248996247
2777.08255196072
2453.14246111559
985.743933327578
683.635764350402
1304.39969916201
2463.67054595123
3265.97333859197
2072.83954919372
2051.70223087649
1021.409157601
385.990406566141
1495.16856670207
2389.33994917242
2307.70702950188
2080.27595017834
1285.86000926183
199.823171654671
1873.63402926677
2925.14682593269
2871.56792537892
2481.34786446172
1047.46489597835
1122.12449522421
790.02390031362
2362.90378194996
2541.58013351876
2661.42241349548
1101.60643870903
530.84002074441
1499.73625730736
1972.86586650813
3009.22637371625
2847.72669984346
2471.70126551576
1569.72945690136
864.268112896147
1970.11002898956
2819.61075937796
3242.95074086817
2156.13203451652
895.170267030952
1234.47048500608
709.24753660656
2032.72174235611
2222.3182315761
3100.19690781645
1828.36805492027
1440.36906682476
485.604964854742
2077.72786601217
2494.28691311296
2645.06380689641
1226.64625468292
367.897741836139
1393.74109388193
1177.22657392976
2122.16600312979
3374.43490093621
1584.98465640865
571.525529333305
1101.20470030724
856.151460309967
2035.53318030766
2342.97728299861
2771.86578710252
2013.49742887486
964.337635950329
1060.75635524402
1553.38763756904
2643.72642040724
2928.35211538374
2274.28933577428
1478.37458409355
371.334450469018
1987.0331126028
2635.11485858588
2419.72295961392
1647.97239312848
679.837814934818
617.567125145867
1249.55236421978
2334.15810294283
2357.09717888519
2489.04206803885
1740.88897238964
428.968795600796
1836.61942422983
2468.08982375959
3509.222531041
1911.769022426
1231.30716525982
237.69370712338
1676.89323043851
1999.10502141046
3182.22381839624
2644.20208985747
2465.96263539392
1526.13006157613
324.649097374117
2091.61454185065
2977.45702220698
2246.51117662957
2500.39256920655
1609.6702489296
302.742707180029
2071.23931562585
3045.45041777476
3157.33352293418
2431.62475904136
995.639524692846
1133.77371291423
845.415368208371
2452.42529196959
2573.39582726162
2886.06274844981
1195.15343676928
743.443601708051
1425.62422271268
2361.96336703343
3374.43842245433
2554.36763234416
2630.94669112152
1674.20941273538
424.374247049421
2230.64491405625
3233.34463572019
2744.86001064057
2835.15476207433
1620.33332921963
1375.83103755522
970.145152200588
1744.58791747495
2885.77525074062
2557.12622996394
2096.7553963764
877.388181672128
1006.02863804663
1454.06860027835
2440.27136690417
3375.86617902133
2077.78234225428
1420.09957692773
928.682188956678
2400.41341199241
3367.16731001031
2657.55474176462
2801.33893187108
1785.06004833257
868.264911240676
1904.26201780395
2683.47021190429
3602.48383375216
1960.90779474827
792.864759570247
641.051437340674
1361.63361037365
2850.35384343396
3078.47601761047
2497.70937075748
1082.78007568069
424.867642019891
1657.61369871354
2129.75482101433
3262.99040178659
2894.90799616658
2645.36102679751
1712.51055063572
632.080245882248
2304.35241570732
3292.75798111369
2965.98381620858
2780.30802089322
1523.91777411681
1449.11284709089
944.609951400547
1788.16811916388
2911.09010686676
2606.40285254295
2115.38286818307
857.515128832679
1095.03251115511
1514.69795171808
2574.92217771186
3378.83445456211
2232.9910391038
1546.44397128756
766.815173468529
2489.34232054352
3434.68458032928
2494.16476528399
2818.93967433422
1825.89133919643
570.663874801771
2161.25701779143
3072.36553272985
3464.16257929484
2335.62080173165
922.945173162495
1112.24294828296
931.452072705672
2570.69869832782
2632.63717962938
3079.06967525893
1313.06273310116
962.548489588324
1291.79636874171
2647.71290408212
3565.68822787417
2362.38100631916
2498.81001208787
1437.43238657278
275.798479335648
2019.59749911633
3093.63779968517
2410.82293183642
2931.54994591033
1962.34350002361
742.934499294752
1840.83446150272
2498.44055078651
3717.57813187296
1984.59688137166
1225.63343111209
238.059978519617
1846.26866790406
2418.77107811716
3603.40387091232
2432.4969649917
2370.75135162295
1201.35358284264
466.977786368329
1649.08706714196
2502.34843817963
2805.7409658261
1786.13718141133
802.689459864232
535.362664698314
1468.10960340736
2765.94591301583
2442.80658370403
3135.98257277369
2096.12802145989
1173.74143660562
1161.25777505549
1773.62823578307
3017.85986143946
2903.32704179968
2407.49428505689
1322.4138427757
561.615235917256
1661.50523727311
2368.07730593575
3337.43184948763
1447.00802432237
537.228950497935
1580.88520956004
1277.96041977915
2283.8885962598
3682.13070677503
1744.82246386359
656.877050264719
888.711587328566
1149.3601001281
2636.10353070812
2499.96142695834
3348.84960531288
1973.53431801038
1574.55653687508
556.88595912736
1995.6558256612
2449.65582283867
3440.30617172912
1549.68398776002
975.145120727186
1458.59908308328
2392.12356104295
3486.57163037493
3057.17206487319
2858.7856785948
1805.66293611994
984.660598645103
2094.16485956137
2985.34343232213
3759.92213868614
2205.64034040917
845.467982627795
1050.96167508858
1054.65449904547
2725.04832341477
2720.44763839113
3242.85595992009
1433.4664214266
1163.0157117481
1146.64330687623
2823.12008134016
3603.32788075344
2352.82760741082
2185.26918063877
1023.82020487589
512.006735416458
1593.19293270986
2657.77682187015
2654.49952379966
2424.15715646448
1546.02980401702
236.959665451136
2168.41139136717
3295.19664097163
3471.58624356957
2622.5902506108
1037.84137331899
997.763232565277
1201.84788271463
2935.84515014172
3303.99457547842
2617.51739192429
1305.71951276641
351.259559745508
1691.87175246351
1644.25463770965
2808.78619973829
3769.02604569397
2247.64324932491
1187.87378062733
1583.19047179722
1470.05334455875
2388.14147692358
3831.69142302674
1900.14464552996
872.083864222101
492.897642660943
1660.74780454401
3172.81866634897
3279.83138610309
2809.51105960672
1132.25964145412
722.992776718185
1592.82368656692
2817.86121076201
3819.922429189
2470.86958053628
2524.44102744088
1347.38193216028
365.365371855188
1910.81840645424
2967.13204088246
2582.06076951535
2647.2033279551
1716.47591254196
288.008987430104
2262.25340176367
3348.08938384089
3607.79689587989
2608.27438920225
1026.34897802958
1013.67033927176
1216.75169938483
2988.80134111482
3302.85646618784
2744.80823946254
1273.4746912331
388.312474914344
1786.7580322499
1876.70806140979
3096.11253023702
3699.81090218452
2539.28977507333
1488.53519109094
1437.42575625164
1861.54455694994
2795.31584122035
3988.30662969594
2069.59107004514
789.490556539185
943.254796826124
1223.29459192787
2918.33596725383
2836.81331549034
3379.1048001056
1539.53646753361
1332.88248320214
1022.32471368491
2909.82834017389
3541.3856092832
2522.79706704364
1839.50626517739
641.034843703086
998.78412289389
1303.17028421769
2365.98990440138
3334.71621894733
1884.34520075434
873.4514694483
526.421223507824
1637.55621976866
3135.3396253768
2755.68080191339
3470.59589039801
1968.05467579661
1659.09619530904
644.745716428951
2048.27727241418
2576.11388298126
3742.37457617629
1934.44699389333
1437.41690414378
1087.36076351036
2854.59623688287
3834.15047815649
2605.10691736535
2852.36132866748
1739.25280414489
306.890562462449
2386.29569173124
3596.97551089341
2928.38233441728
3335.90908547355
1989.54826241665
1503.42915186895
1138.05665439147
1964.44446161634
3276.45061477966
2975.81874891902
2456.38826501333
1124.50920339532
974.566743761148
1630.85618562762
2626.43026543109
3902.81873368408
2091.63947445755
1333.74227750141
1413.73230733447
2477.57354980312
3610.67268266514
3523.36120907125
2954.08041506873
1692.4338024836
1522.40744156588
1521.09934977652
2373.76424998554
3920.02094066044
2152.61217801748
1365.48627214602
243.940558281223
2105.96804292989
2993.86447993673
4084.59425001772
2374.60132484654
1920.75146886961
561.376578804168
1366.35603443878
1495.32055560483
2631.90873158327
4016.67471563263
2006.6482780378
976.81854282554
1738.61628000565
1536.66021434992
2568.89560702489
4077.82751116866
1976.77690154929
792.446540937935
788.113357646525
1445.06136941496
3148.10905189335
2982.64746147977
3486.00836237979
1618.71134396935
1468.87390187394
934.55990423359
2940.11086426142
3437.48045691087
2817.36398286155
1578.20575715885
432.83857147069
1510.87935686756
1357.7011897611
2488.27673906
3989.37306193012
1835.92996642816
649.482348527887
1307.26633947315
1061.0496458013
2447.48461322616
2875.62030057474
3212.10309765808
2363.80596227732
958.601582172035
1548.13017447192
2045.50117723634
3516.56533190951
3165.4334109038
2726.01088521449
1513.7784968886
545.161946681705
1925.38073709225
2719.80720294841
3470.99344783862
1626.1764330088
513.689149178837
1443.09768842617
1178.27789631297
2350.0737545291
3553.63811209749
2163.79879163293
1232.19081094244
294.795422187392
2109.69290127018
3543.36753532706
3627.43429696044
2989.16169647716
1191.80244061972
987.623402467943
1464.9314230395
3215.17522378991
3920.62238949543
2583.54706728792
1901.57780837346
605.111803313546
1218.17755107992
1382.5036268631
2487.30035781857
3854.83279127381
1801.81554120412
637.403131827511
1146.88409027832
1190.63899551589
2631.30280439137
2861.18010917716
3329.28997059503
2405.66290016378
1012.97352586609
1581.17904769531
2112.9515038819
3625.75751314212
3139.66943479088
2725.67176590406
1430.37676526571
649.642554476003
1838.31405306323
2676.2373669979
3738.97758301764
1643.46664637613
562.489533381793
1695.59108426109
1290.90756845432
2436.70954638398
3971.73322163538
1995.37940434371
897.745502832445
598.932100129591
1722.89159450131
3405.79260077776
3162.13875730322
3558.65577656688
1662.08394102424
1572.47326435438
887.188661030185
2945.89375356087
3336.66753508132
3166.57027174286
1456.47167481953
442.128169062395
1866.30025188542
1747.41474186928
2996.06085321656
4247.697798095
2325.97825917479
1072.7665792329
1793.80368526966
1233.08820836283
2322.79703372924
3831.03883538796
2365.36976000411
1572.82589074732
251.394998002997
2281.19040874469
3256.59988157915
4309.62861562932
2457.19074902831
1684.86543257666
369.416878548954
1853.26956257654
1932.04938246091
3319.18064777297
4002.21974563964
2793.42420101918
1790.00693887291
1248.33744099024
2618.70817885275
3771.3269592378
3906.12590557793
3024.15069495946
1518.79713169926
1790.07940470714
1035.56886004649
2173.23408530341
3371.82596165937
3176.57428154573
2524.05588822541
1019.94852390633
1378.61671007828
1870.93738482873
3202.97909036813
3925.45588429241
2797.26790648204
1930.18901712662
685.801237561153
2924.99764435398
3964.0823238173
2788.58495474805
3093.14099474928
1929.7705343506
338.73323425574
2599.54416158903
3903.67325861066
3523.69740881547
3429.64518512329
1721.81809752583
1796.45795843676
788.703583205425
2293.81803064611
2868.17170139356
4022.94487107239
2464.15389033439
1869.86466463562
631.296483431243
2788.4003462735
3442.92627021064
3091.6977704698
1833.33210817329
589.111588977449
1265.17010052066
1341.62548157187
2557.64600316254
3674.98173765525
2192.22876967988
1139.27855627589
412.008452443104
2048.66191269807
3675.01874140991
3383.65619363943
3590.30498761312
1664.09817296347
1646.95101325254
877.578434932676
2953.73648865461
3266.54193798426
3512.22519073572
1473.08628081793
630.373161223107
1990.97008729958
2315.48120206021
3660.73698350345
4054.24221743266
2997.02992369579
1766.76555985685
1582.87640285157
2051.8552070253
3065.66802870424
4488.30582696451
2283.76359017467
914.335279165693
845.790635972268
1601.27971071302
3482.57974050157
3485.70630873611
3483.81952578955
1425.52541701512
1056.3402532991
1630.00534972828
3290.29415168583
4333.51663860953
2770.16526378828
2763.94603227134
1407.95866648588
474.047022137149
2058.01681788084
3283.96315102634
2999.32207450404
2966.44609537772
1919.8894060834
310.703660760062
2572.16664546072
3828.55154215322
4121.31975869181
2986.08390132552
1174.65815927644
1126.60874224254
1433.10463303229
3439.92536309062
3850.27454496712
3062.3448382846
1497.86149943117
414.062229223325
2003.12172021662
1996.2345026795
3369.9148613979
4339.56889629066
2727.84282025284
1511.08112176181
1781.39602397137
1883.05724953315
2945.26972169749
4532.48837314888
2242.72897726942
926.543920212276
779.098683187942
1702.03720508648
3577.95436312762
3544.35859122286
3551.55665011776
1462.77145693562
1153.21193054091
1561.04325297538
3389.75767833599
4343.52507008761
2772.65900620612
2563.67666256215
1159.20255874248
681.874519294811
1815.41319760834
3027.34128648885
3296.47064186762
2592.54460797728
1515.81613931368
289.747135670355
2395.42890450971
3928.90543176574
3657.55881340086
3573.05674077537
1622.21156408849
1694.7019948875
901.283939165182
2983.34317812357
3238.93499795831
3819.69329064252
1592.91170064274
921.380407326186
1910.586566978
2876.81402743126
4233.09350314174
3616.30649421365
3435.75006043732
2208.79608648978
938.922572364869
2789.39148910332
3977.61736904177
4189.74648900122
3143.30321355382
1410.26931027586
1803.29434615984
893.805418780427
2537.84306505634
3023.44638619862
4144.37441785043
2654.01683693571
1948.3548616553
599.67046128044
2569.45704464317
3167.43245051447
3799.37698978997
1650.63403099108
573.496480989321
1985.49831773572
1746.32347181508
3029.18650046973
4609.43049214136
2276.56439478853
867.542739415001
1675.28693808772
1084.16555906245
2570.84952269854
3304.64357590681
3525.43744629435
2650.58217904566
1063.7073625513
1666.14133228845
2198.95126244336
3790.89738096223
3717.02702427273
3098.36843310664
1879.64197162951
497.439545472779
2435.27431663634
3313.15293303734
3462.46197080816
2036.0887043744
749.221203037397
1063.00179355573
1494.66523347098
2923.4817332784
3321.77086210943
3107.25003917345
2154.33310492735
413.163694192266
2557.24220021119
3534.42769744389
4690.26744041098
2606.30829296985
1466.3614642748
335.712758822229
2283.35414796587
2924.08927814088
4442.76062691305
3313.19434674792
3248.75674630812
1906.18758759991
403.694304980374
2588.81892595375
3764.48443646986
3048.7503942635
3131.88550872352
1963.12541279061
312.190773561308
2710.9678741659
4127.90266176677
3990.06389177496
3498.40832699761
1536.89626950575
1714.72968736801
955.464728871372
3048.00537221953
3254.48745498796
4076.71210351249
1770.41382210319
1240.54479933228
1703.99456803662
3303.85646883164
4566.99253367036
3213.32547879197
3445.92595554141
2140.93671759948
426.590374360823
2896.65731115137
4275.23185188051
3445.08398703567
3891.40362603986
2357.4760302335
1685.45596490083
1517.34933811731
2416.41518507672
4103.98875912194
3168.4418425029
2636.38251037301
925.592732041051
1594.8614680715
2002.81489169549
3460.67406625416
4384.75912368448
2995.26046585971
2052.00842688318
993.919862956934
3234.05265164767
4488.55000016845
3333.26329565433
3736.60026397865
2420.0600491075
909.456696350026
2710.28642340547
3811.31179592273
4703.33850093639
2799.65627040955
1084.83207665737
1105.10916416605
1562.94335466321
3669.92181818782
3846.91062678499
3577.40083059102
1470.8488507376
754.541025689499
2109.68101101808
3071.63894945926
4514.77476650526
3599.81451197448
3558.12121631548
2279.09918811814
629.858720147023
3061.87786938394
4409.30227611816
3693.267597992
3854.8999581681
2253.62718494575
1802.94600268331
1468.18437018234
2444.93039343105
4128.53632912795
3209.34921947376
2639.20320371157
887.653094429561
1715.00785587787
2107.29049819582
3653.10176318919
4322.23793247704
3162.33179887243
2157.11668836601
790.078847582293
3251.415122275
4463.10201590924
3167.62906695755
3631.12595495117
2341.58800535581
550.34503860379
2918.65610439315
4222.31892978293
4373.49183989754
3359.74249398859
1413.0660061072
1700.84922950317
1041.03893461986
3155.99995945202
3307.6569469214
4285.31398215366
1965.02479466919
1535.66327466094
1456.14585104357
3551.46774977611
4643.90892304269
3038.46986810619
3093.02098463385
1663.91391240673
420.14909080055
2426.25975605097
3856.36881551147
3169.65382726443
3716.27585026924
2522.79852970188
735.248077835826
2620.12951174919
3571.45774802992
4940.50186521017
2658.21060765176
1426.36484738017
376.087205825753
2408.17692343074
3438.65733555318
4851.17529431695
3045.9875888023
2919.99350295657
1325.14280528427
805.38810170232
1952.25114830735
3111.61790168899
3972.88066407397
2187.88058600161
873.129747274785
953.998954466324
1688.56544766376
3385.31700959812
3242.24765609213
4000.10298856728
2794.84740689161
1294.29562523359
1804.63434932349
2483.78774343207
4255.6775502877
3560.55031244073
3089.41792895119
1502.25443251779
931.637923722085
2013.13464304889
3065.09888040764
4609.12029515148
2041.29861240079
891.092474775685
2139.58864198067
1898.7907812875
3213.68256118265
4955.44025213951
2412.03180540387
887.236485926086
1443.84971400455
1301.73567638767
3200.35487519452
3251.96894681891
4390.71289257571
2805.00340612708
2006.69367901769
790.20057586913
2398.51122044338
3174.88802450565
4667.53254101791
2292.54415120802
1560.69116323139
1682.51973853532
3332.16686023083
4716.32164052793
3749.63308981265
3838.63586731209
2465.65499029011
1019.52287895146
2934.87873084422
4165.37550056006
4775.00015920922
3158.88586064349
1263.76413722596
1641.58800120967
1163.75818429767
3312.21322949305
3391.07339270759
4453.09407220846
2147.03360958735
1780.47445178263
1230.48209360619
3638.60727893119
4531.55966679785
3144.92380381219
2588.2066382792
1074.91132931477
905.877417279113
1847.18740779146
3239.59315272465
3703.8657769328
2901.45433579602
1750.37077983515
301.324711637822
2708.45068463483
4347.15753395334
4277.63103606529
3723.98064952347
1548.5711020955
1584.08728968487
1301.98951198817
3674.78970358482
4046.41343869532
3697.55481493709
1644.74711315892
551.589005113961
2293.23602187444
2417.57407325468
3964.17939225592
4783.70248075562
3229.07157266633
1842.03253274548
1928.55217557716
2209.06948191009
3383.60158913136
5111.37456936968
2552.67933349598
1044.49244021044
900.563913399221
1892.8182474516
4013.06457103555
4002.39675794549
3963.88691105716
1622.11399279533
1230.4283946745
1829.18073501725
3783.751288537
4927.49096872925
3135.19170285858
3040.82225495261
1476.21010108757
629.731309430991
2209.76208839547
3588.66126822477
3531.89674637733
3168.52763659869
1974.72562452611
305.5637061245
2860.13646397159
4437.56701458652
4434.81660980517
3698.45154809736
1525.86858559911
1607.43541964161
1308.37839306108
3704.27368184332
4015.73914594655
3868.75805636712
1644.96192864741
658.149499472709
2336.38120978922
2742.03046286471
4329.34600894079
4588.60085786451
3568.67518543106
2195.45481246374
1626.61577118317
2710.18972627149
3940.5840283778
5128.95211485377
2916.86548555724
1115.49423056692
1522.84272480142
1334.21576552255
3519.35769247179
3499.15310835453
4587.28009280083
2297.34739338243
1968.93459609218
1061.34236238025
3616.2997934886
4327.20073758515
3475.56899290049
2145.58610679898
654.212126465062
1599.39710697156
1615.14960386825
3009.63086396132
4629.26535240295
2326.64360801588
951.393325354803
954.305068325923
1832.25924051202
3795.4121340704
3445.86489622593
4549.23095166043
2801.84138328633
2079.49052377321
932.85703158519
2450.37668662718
3388.66946076118
4887.86731066831
2815.16583806537
2093.18195566855
1117.04145644535
3665.1407993474
4835.19910298195
3288.3807775009
3464.07750198748
2008.93130106461
362.278713358093
2879.11470588569
4500.23582094672
3582.05738032123
4371.78583507841
2767.32756130058
1722.09978332994
1763.37501589077
2671.55223871312
4555.2684034297
3551.64949686903
3004.14112030434
1150.95478876307
1564.83071584802
2111.71588274702
3587.33223156332
5011.86741479908
3018.46414493577
2008.88591984514
1540.97103880092
3407.0013862738
4853.29448143292
4252.24587702319
4031.89251849881
2441.81078851909
1736.30242933602
2280.8874069513
3340.36019962423
5247.13061040925
2715.86732597452
1505.93281134486
390.105302383276
2625.83170400977
4081.0623315983
5213.36709575003
3078.80321518874
2181.20152918516
538.615486976238
2050.44059019786
2056.56823387357
3623.58783735168
5183.45702240547
2892.92364206962
1570.80521194174
2150.70028693269
2287.59199808384
3598.14699389363
5341.7066519428
2685.03862925312
1012.34280484059
1334.10636172316
1566.28708268471
3778.12237973498
3631.08100198011
4691.92245241816
2404.84615557838
2107.23058879207
958.421881023568
3540.994898624
4116.17572551505
3924.09674334568
1895.39844732739
540.888531523001
2178.85222873939
1892.73978942669
3381.83173838165
5282.50602373829
2525.76053189726
948.478018484811
1948.04180347455
1284.42653146336
2943.61754365674
3942.43000629257
3833.52970918971
2890.00755361819
921.115047902464
2300.26900026903
2883.35681602142
4837.11424050614
3754.94931838402
3383.45427167703
1662.11745915974
900.993754263669
2221.38981489532
3343.21981196206
4771.64567051891
2106.31453192194
718.470399330569
2097.92142577102
1568.32361195678
3026.26244298974
4881.73985179664
2605.56357571176
1310.01174409525
552.961309944741
2442.42155551501
4469.18712246904
4335.36655784328
4165.73726910365
1741.43409487125
1594.69204072589
1556.8112302041
4044.09729731514
4762.3195140232
3493.79625696025
2166.07525974215
601.760044642008
1879.87540504673
1782.2438305169
3249.20969815386
5189.44416332444
2374.34900136502
837.105052632215
1782.8249834675
1373.23292253016
3116.67723764173
3878.00828347888
3972.86920399507
2951.6124068911
973.545471872219
2344.84912949186
2970.70624811314
4961.61778449908
3701.1099515172
3327.0149757194
1518.21371149859
1085.63391579975
2145.66230925146
3351.70300918074
5057.99238287903
2230.69419471134
896.335567326177
2310.7468382993
1845.10214322506
3279.62818896802
5318.63671986663
2548.16732443727
1013.95967487019
1078.31367126393
1873.01712273562
4085.55639776018
3792.88094617363
4766.86023930254
2463.41271607416
2206.85532328642
915.618257301526
3459.3077315318
3953.15726114373
4388.35224366422
1867.26150864037
722.688789809799
2453.0406741982
2542.97739994696
4160.23092761817
5308.63521481731
3308.91353699173
1700.57061501381
2268.68295728933
1830.01011572486
3120.1320731538
5193.10679422894
2834.43716667654
1687.46315200577
352.489642855391
2820.59987164523
4371.07159404957
5374.09477946601
3240.20747054525
1878.80133542754
419.651744968723
2540.21289363205
2773.55582572804
4580.71310648449
4832.09928847648
3826.31248521889
2495.63226977067
1251.42022387241
3517.88112208666
5010.46229199425
4650.23762959233
4157.60183118017
2278.92948164302
2209.1094738611
1549.17895263481
2797.70189161913
4642.16160482339
3704.79590366764
2992.93584272428
963.342380374156
2101.78798690894
2552.44705345163
4416.19957213135
4722.61906388639
3749.69984415136
2480.10939048469
653.442339562423
3511.64029040753
4778.84356677475
3542.74536736739
3636.52220338542
2166.90074717014
359.528711114552
3118.87667347504
4887.73928737863
4154.36392251485
4599.89147766001
2535.09494812397
2283.67098014136
1089.81246727383
2703.282382818
3794.10088623752
4991.53750613339
3394.14929762715
2387.16968280434
682.195147276629
3208.1633048627
4038.7715414895
4262.62737314851
2148.02686440059
643.076211047594
1940.61950057502
1667.51636875561
3197.36140532806
5016.5698283951
2608.44617137186
1181.81002950692
783.780839884182
2258.97860854606
4431.20079731973
3997.85161376383
4807.10393623814
2469.35181481124
2279.43170733425
919.741380408337
3402.80577818441
3861.0820435192
4799.50223747291
2018.86248797547
1095.47732695649
2401.790472689
3292.05648305429
4969.9875873129
4820.13244427227
4082.45720822174
2527.54848924498
1697.65716960883
2945.91482914729
4250.18735477071
5646.78693516475
3123.85550621167
1192.30297916301
1433.10482623015
1678.79573262698
4138.39656258144
4093.45865630782
4746.98367871768
2075.89720535833
1699.9194772067
1713.38560463101
4196.46441599757
5321.99903342754
3477.50855660329
3151.19497892085
1422.75002369671
844.574161719238
2261.50961377665
3812.32956779461
4036.36636827579
3393.46047813414
2085.43443170559
334.068197727635
3117.49225235699
4912.96177494213
4871.56008970211
4146.3121647035
1716.74640632274
1782.1159497196
1461.04451678219
4125.89932608701
4506.7780690879
4224.41930579604
1833.80368721655
669.71014048625
2595.06200793496
2878.61338660459
4632.14158021218
5246.96991123567
3803.16416841513
2263.65809093582
2004.82026593163
2751.51333078597
4084.9845643226
5758.95639264585
3015.84970486692
1154.20633581951
1350.35411398712
1785.83484457902
4243.84569069605
4144.69385576723
4820.58748604791
2142.40073530495
1821.18537950379
1602.99278569451
4241.42849237423
5245.12723759961
3562.09865635307
2866.12769600543
1115.36898316937
1193.27806067266
2006.04067487997
3541.69097203359
4507.25632562595
2942.69900730619
1550.45591161555
514.073254267159
2709.05938521168
4791.2601595469
4264.41950381128
4802.2097822457
2419.54346444739
2332.98188748923
957.174351927747
3389.23351896697
3839.40342901615
5127.63400118333
2277.83046705302
1534.93649508456
2122.84117516103
3900.69256308472
5510.80417662571
4196.30365878901
4369.99127434564
2806.97341069709
839.182830749125
3611.37897542422
5192.33328501055
4917.12286717926
4321.86000189147
2150.59837287682
2382.89809575193
1145.06451857642
2936.72465158182
3970.55268641546
5040.92912905231
3558.53933185577
2337.76795774393
788.784319120321
2870.61622300252
3755.3504869556
5136.573783371
2198.07022319817
958.485379325121
2552.34020376848
2536.16100554082
4161.53248546571
5780.59705215144
3183.5787892045
1355.77557129116
2329.37654809472
1376.92047804933
3059.78620329202
4486.79022229331
4056.37927771564
3120.77794705751
963.8505314618
2465.64594991776
3044.93582754762
5149.63004030916
4287.04246283078
3831.86639320909
2083.20588161321
748.101448159889
2687.50707176208
3848.54652571433
4735.71242876924
2369.39060971778
780.342192934149
1724.78230171916
1675.12366297483
3406.88529251687
4510.1728353711
3516.55619397633
2342.32150630953
361.774779721498
3231.73748320555
4724.93653355525
5732.36206971883
3462.38673271438
1637.90501029081
574.820409618568
2788.80894526968
4027.33973441493
5754.16920222139
3840.45297898296
3863.00570106036
2071.73592253186
585.757139942647
2860.1227968162
4330.51513841564
4012.23673901169
3537.76050563897
2087.7713782535
368.020878560147
3175.98862920716
5122.69371085097
4610.40896330467
4736.40317972489
2310.92568542631
2369.25320862717
1018.16254646629
3426.69319954939
3874.56606995438
5372.74175672624
2574.54999340527
1944.5966289318
1751.60381040153
4250.74648546905
5674.91284442349
3794.36445192044
4080.59602517867
2410.95190039624
427.70666791055
3372.95759436829
5152.9188262165
4034.38222502592
4908.01835822443
3158.12698249336
1772.4752353161
2297.74659838596
3281.07404512339
5511.30150946039
3614.79540504385
2950.35172555773
801.709026978319
2380.42194300154
2729.76500643464
4718.11779745285
5185.84724798011
4021.26012710112
2698.05222405477
894.578995280319
3957.92464016717
5474.160973229
3923.87313548852
4538.46905159901
2951.19397780832
777.536747879797
3546.02007019319
5065.13371158855
5606.08681182478
3874.20017380724
1533.91533560564
1783.84595466197
1567.23955245603
4275.22980176766
4419.30747898813
4873.1664977756
2017.42845198066
1319.73140388475
2360.44273347513
4137.64558672717
5794.34816300148
4133.12955307573
4363.24296996411
2706.99429523151
543.492124780141
3677.23887451642
5410.22442035067
4257.99722468638
4938.47510503545
3087.25402948139
1941.00706669321
2230.86912097779
3286.95288241541
5542.73708889782
3642.13571211773
2929.78867042788
753.110956737335
2520.50831301911
2901.07335827436
4968.94928292838
5034.22151718255
4146.09581159936
2714.52578394908
706.22229708672
3834.29282025458
5288.11325479361
3852.14910446944
4232.80162904507
2661.10767309104
459.039297109925
3573.03155982919
5361.53604782193
5042.94244727936
4591.18069145518
2142.18125850557
2381.950796956
1099.26239631175
3518.30584349267
3948.66210512448
5551.07575351051
2858.33904043044
2272.3683470622
1401.53391079763
4343.28021632584
5524.81091676541
3781.41282366246
3444.60736890112
1653.61935119641
745.006474750892
2601.71098938648
4381.44541184524
4055.33739561583
4265.4602020924
2887.76523833981
591.902717511137
3426.44065703705
4814.70727113239
6032.71369969175
3499.31237782944
1581.13973745184
699.911280513955
2798.40001891381
4564.74249416587
6021.3343428633
3646.29731253391
3223.7741208281
1233.01719255105
1385.45372647601
2162.9310835235
3676.14837684558
5359.87780423051
2575.50748873916
910.417512997649
1612.33884675997
1774.8554911715
3805.51435648292
4199.58878523084
4633.68259878296
3363.57645045323
1181.82633736201
2657.77126687158
3422.32415165545
5682.17566313387
4015.78642144973
3564.87469566007
1439.32783821325
1545.53995637457
2344.63557255078
3863.48912802136
5930.50245736369
2861.31254643176
1487.64855347001
2588.27207576753
2766.74086162521
4389.27562556787
6159.57873624381
3296.15826909374
1282.05908884109
2169.65984204378
1392.85856410687
3572.2621704886
4121.62947122073
5264.23771181789
3679.97236464492
2241.35731120646
1211.38263532132
2717.34845472962
4011.20091899046
5859.21066062881
3277.75906288128
2328.49060943425
1657.57657152668
4285.24369838819
5898.44414960771
4274.45190378148
4723.97232240523
3042.20164095574
865.04514812023
3783.19046062019
5432.24315463603
5544.31081313576
4352.45551458397
1918.37642389043
2356.14283029374
1204.70681290583
3666.01064280883
4045.19332437079
5683.50467401103
3099.89585198809
2505.20015147362
1139.2833505617
4250.809843639
5205.55030536721
4126.55008782856
2793.94440324544
977.117268792836
1551.66834344624
2002.75892541569
3715.97231227791
5004.21546558108
3202.97718322042
1731.71694534048
514.438654698795
3012.13434968438
5255.65463679195
4848.6060289249
5019.05281422099
2308.1189912802
2319.79599650234
1247.10317268487
4163.41110395567
4575.93422585885
5018.23814943922
2089.54489214959
964.943991959994
2791.68120675316
3436.36359264146
5337.29093745643
5553.21182517164
4386.97336666887
2675.25583948001
2033.03880413592
3172.58320579307
4627.84320659907
6302.52719947587
3404.64769951386
1298.71459070854
1559.93539280536
1894.03130913052
4612.4623366164
4533.82626807131
5302.94580712011
2348.86608664769
1966.31131485141
1811.09557951338
4661.86546502289
5827.19050548935
3884.45917965652
3302.14158945458
1377.46784264633
1136.43777935402
2327.69613019451
4029.72636686494
4724.76035373316
3466.52086352448
1982.23374031051
431.299606391823
3235.32018732994
5408.17083972892
5012.88967882771
4994.64241248325
2278.32051440245
2349.97311429169
1252.72655579812
4159.60350611228
4530.90475885884
5222.54815820469
2167.84795720624
1172.03829864083
2721.82396325509
3826.88478921223
5728.38529429075
5212.6032701852
4689.11583565066
2987.93551681942
1554.96696627419
3697.66192119823
5274.92584954552
6057.20279812379
4023.37583313253
1658.44212760125
2269.67406661878
1347.07483054278
3872.9322615292
4152.62338038336
5788.27750573443
3286.51198981473
2655.11127917137
986.354609595349
4065.89325119282
4862.14982215358
4684.70770203016
2376.51713319842
678.867154795705
2381.8242789969
2033.19705918639
3769.16012746845
6076.2860856989
2837.88832060769
1037.23057586599
1639.15879345469
1849.87300940628
4201.58905305757
4194.08974510548
5481.76422912312
3695.59047832924
2281.39798751141
1445.19832582579
2830.80913121335
4396.09144217479
5877.79322774831
3877.39260787448
2782.85823524687
985.776127703856
4274.66921901425
5585.72932827637
4071.07578708533
3806.77132105451
2011.60792847109
563.452077725008
3103.78569294486
5144.45476138869
4211.57214205661
5263.29280253393
3529.013925596
1672.28490774115
2640.32404749721
3617.58185911269
6025.26027993279
3944.44052759839
3289.32881541391
970.030769402395
2392.07108896763
2763.63828360406
4807.77847412337
5915.71290423264
4133.7220727047
2793.21841502834
1416.42562308983
4328.7671925974
6065.64734963762
4757.70116721652
5112.81583944784
3249.53519994302
1679.45265079907
3252.84927293628
4571.1377566534
6539.85623246228
3404.43905520555
1570.51221729186
756.016867837375
2910.99943343845
5169.51496587147
6121.13979433295
3964.41315511911
2288.50569384122
534.456626435498
2840.95935758842
2860.69605611618
4884.48055329296
6164.71156382693
4027.59885316168
2402.18494270655
2328.31966319841
3286.37365476409
4890.89001918815
6477.88838678145
3640.9949888888
1403.57071676661
2097.96817423882
1546.86757489477
4143.96947235403
4266.78931373947
5877.61079544332
3415.36123259639
2745.59185187312
933.031913813541
3867.24120393688
4593.73415524682
5291.59521025872
2284.0795182734
818.093665115336
2867.21566451368
2681.10666758091
4538.8181533936
6500.09383137313
3475.36457511302
1489.46988329486
2651.36588536389
1629.53624539086
3441.34566034575
5283.82368240603
4199.05859569912
3154.89886917622
717.909812924858
3188.48566711574
3996.61253038935
6301.18193500468
4163.0268852025
3789.41311627728
1542.54405703903
1528.96428121362
2463.57622340028
4027.29521777086
6204.50226677068
2779.89791798132
1141.70247116997
2780.34260408804
2174.13678377383
3889.69883857996
6354.19482347862
3090.91884510642
1312.25967128575
1078.78470352266
2499.23064116002
5159.20228112945
4832.14284572621
5524.02611959064
2567.21330562455
2383.68833941005
1438.37173338423
4636.11320604747
5326.97806723688
4673.5348950614
2357.26007634255
645.780847337111
2684.68400962335
2374.17342533984
4231.97433537514
6546.8008996264
3171.27823624439
1237.13929535613
2548.10512168205
1624.69149650848
3555.14247308457
5172.93894130711
4346.44623006286
3238.96657499008
757.547290579512
3247.9047281816
4109.79529777745
6427.81416287788
4102.40176415305
3658.28323544398
1350.29601468886
1804.08963881629
2468.64740534831
4164.84313963692
6428.4869613619
3073.99370899318
1502.92371616488
2835.79553268155
2676.22513203909
4391.04560607684
6671.02701759252
3289.81242664906
1221.92304016618
1823.69004861657
1829.71713222633
4484.11191886937
4392.76496661394
5956.39571772161
3487.57538979616
2801.91462454111
953.946916100729
3706.11405436744
4443.69902826407
5825.05277097623
2475.89052350312
1272.94283650445
2888.1420526503
3610.6776905655
5575.68864873651
6112.50519282216
4529.65387431047
2580.30013756645
2532.25838000867
2714.09303502066
4187.21290229675
6643.17056132086
3353.25605253867
1666.86618508286
668.732591927684
3112.63608857297
5459.36924564478
6177.13449989831
4275.73154826972
2025.08272986181
633.37395845108
3161.68656373463
3892.40749444352
6049.34206664069
5376.63032475672
4889.42565439231
3172.21655247702
1040.78258019819
4352.60239479682
6207.90583307098
5141.67189198806
5375.44054542017
3215.87816569616
2387.32408669721
2352.31331705534
3638.77221011507
6150.55705536174
4039.01210943284
3173.46239967656
744.378509132326
3005.04186732375
3512.71613288872
5889.05264917159
5232.57475386888
4643.67756506895
2840.53649013789
643.376848171526
3810.41491783125
5304.66783166469
4496.01656978152
3898.21283185615
2117.81378409612
535.440294093165
3353.70873493825
5625.66741038199
4653.07630543986
5760.42124548416
3512.08148980249
2564.71682068709
1640.81629394117
3144.87465842273
4995.23710449272
5694.93113680587
4340.90260737908
2704.22233477395
853.092885047451
3372.93545336886
4486.38802187386
5705.2501488501
2530.36153834188
830.207559951089
2741.30902883319
2176.17030295147
4010.5818814257
6518.90479581604
3099.32393615268
1202.37416345204
1451.71810295201
2219.40722036306
4893.86657926238
4546.02705550674
6021.49274255129
3503.89765272013
2845.43522218763
1020.15309495014
3607.02524895447
4411.52455133397
6225.15598132786
2843.90667696953
1854.01209278293
2542.62422859742
4437.42157901398
6380.65627474073
5308.46864104075
5201.52511473171
3328.80889407047
1525.96824224381
3975.8789112679
5646.26232741105
6571.12057254449
4263.34794351635
1700.39501740057
2248.07456293386
1589.83017304282
4498.55714351531
4602.55165936338
6118.82146214798
3027.18605615064
2532.74938445156
1548.800934857
4906.59598097902
6025.50224857586
4380.24499491031
3282.66738208482
1232.6645145304
1516.33697141598
2325.87740621966
4200.31325126412
5376.87508136401
3607.61127506199
1985.48538563745
534.25585624561
3384.10464430514
5825.23504475726
5355.44630485521
5529.09579566226
2561.05106118307
2591.58790049842
1337.21477168123
4512.80195050843
4946.44800183293
5658.50927883517
2348.64989668633
1208.88405411607
3008.29884460053
4029.60696000574
6110.79679200929
5853.6827494324
5020.18329139653
3571.16835264718
3903.98306397475
