15 15
2.6457513110645907 0 0 0 0 0 0 0 0 0 0 0 0 0 0 
-0.21894140434649118 2.708105971364271 0 0 0 0 0 0 0 0 0 0 0 0 0 
-0.22043998045861313 -0.21919922327996413 2.4817356268327488 0 0 0 0 0 0 0 0 0 0 0 0 
0 -0.25774416019933527 -0.39727733487429701 2.2373485229739032 0 0 0 0 0 0 0 0 0 0 0 
0 0 -0.25414823293554184 -0.66121507896821474 1.9451841350909396 0 0 0 0 0 0 0 0 0 0 
0 0 0 -0.19812182069790343 -0.82792330227100541 2.3038162441740786 0 0 0 0 0 0 0 0 0 
0 0 0 0 -0.15832225706258349 -0.55160060538825428 2.2941864891999497 0 0 0 0 0 0 0 0 
0 0 0 0 0 -0.15158307439425786 -0.32914500185485068 2.612712246263178 0 0 0 0 0 0 0 
0 0 0 0 0 0 -0.23062641561725677 -0.22246246578272494 2.6978764584002612 0 0 0 0 0 0 
0 0 0 0 0 0 0 -0.26111794490674844 -0.31581494275257366 2.6496948518735612 0 0 0 0 0 
0 0 0 0 0 0 0 0 -0.24753331596632086 -0.50956255377906878 2.448953046236531 0 0 0 0 
0 0 0 0 0 0 0 0 0 -0.18836692083598716 -0.65169882899824705 2.1192339945523302 0 0 0 
0 0 0 0 0 0 0 0 0 0 -0.13525339277636356 -0.64005718112177967 2.4303513753506572 0 0 
0 0 0 0 0 0 0 0 0 0 0 -0.15029517482671531 -0.36460324071231109 2.6576566859312516 0 
0 0 0 0 0 0 0 0 0 0 0 0 -0.19447910337254742 -0.21658329179238089 2.6922747574324903 
